954 -173 870 -919 -110 189 -292 -627 266 442 -813 -760 -146 -518 879 9 -609 721 563 -164 -570 47 95 -354 -279 53 799 730 -84 471 181 -20 892 915 -294 -804 -533 -643 -182 -543 196 -371 348 -327 -52 535 -871 936 -339 -11 -303 428 936 -885 -461 554 487 -663 -740 -327
742 693 702 32 -644 222 754 -319 -987 132 -488 -6 -19 340 709 358 666 -15 -466 953 351 -789 -852 903 648 -433 -710 -984 -422
145 944 851 -552 84 -327 -478 995 166 -318 504 229 -14 -354 349 190 -456 270 -190 -898 -31 204 -868 142 -75 -534 73 -229 -341
-552 -789 807 -72 -840 893 -951 116 -559 689 715 -820 182 55 -181 558 66 -614 818 -973 287 215 -654 -237 -32 -397 657 241 -29 119 -678 400 212 139 -405 622 570 522 960 -784 511 -503 -122 897 -147 -905 658 772 752 367 -492 -793 818 -502 -497 793 305 340 -452 -537 -330 914 380 833 -666
460 -754 19 849 -959 -703 -267 916 937 821 10 936 119 -813 -879 -471 -415 851 318 213 430 887 92 713 -103 526 -18 -476 65 140 222 -20 -367 914 419 -484 -735 102 880 707 -787 673 -635 201 868 -432 446 -260 -704 -647 -125 -937 848 -766 335
151 -481 -730 311 -332 -699 -770 -199 248 866 -636 -823 -747 -566 -655 -233 332 -488 67 46 -775 -3 -948 -785 644 777 687 -64 -405 -723 605 -10 -949 -775 520 584 -599 703 -102 936 627 -39 316 -908 993 -519 834 -488 -321 -284 130 -276 -22 47 -91 645 305 416 -284 177 146 -124 137 -343 888 39 -806 539 718
-327 696 711 567 -357 131 -309 -305 43 -751 -939 -581 332 -959 -744 -678 809 -826 428 -128 680 421 808 -189 -621 -152 824
-342 878 -42 132 606 611 541 -219 703 -157 -12 236 -419 -542 -34 504 326 945 516 -347 62 915 -862 -493 -36 -720 815 -352 -10 -171 -740 -404 524 803 225 72 -228 117 856 485 132 -483 -179 -784 -341 296 793 -5 -46 68 542 293 -784 855 436 274 663 980 380 -427 -314 101 -547 -245 -466 -333 321 908 573 -701 725 -515 -227 -197
-904 985 208 -571 207 14 741 -652 -410 -320 -240 725 690 572 871 36 -132 136 409 -19 872 -579 -598 669 215 -198 -424 -390 -697 -483 -788 326 -485 -698 187 494 -148 -720 -709 360 -834 -890 782 -927 223 111 -469 -106 -578 -137 598 719 156 -190 -49 917 -49 46 587 -729 273 915 551 416 345 769 -936 511 -763 -304 -462 -502 589 -990
109 859 618 783 -361 148 -55 -849 -743 -243 -736 45 -476 303 -295 920 -38 -270 -307 774 53 -440 -575 383 -629 971 755 -602 8 -543 411 -377 550 -840 -496 -186 395 -845 727 -151 -637 468 131 468 429 790 -562 441 848 983 296 386 -862 -866 -833 880 -144 -335 -507 -737 900 -52
306 185 -27 867 -874 -584 -962 994 241 390 -593 23 52 -663 198 -667 -9 -8 -315 -15 445 741 584 -624 -842 430 405 421 943 -223 -475 -771 -23 -210 -201 -727 -119 -694 710 20 295 806 -416 -924 12 -268 -541 160 417 46 225 791 -636 -552
-459 800 -791 203 -97 -237 -913 -647 -438 -208 -942 975 -325 364 192 820 -248 -260 322 852 558 -793 -942 673 393 932 11 9 231 -958 656
-454 -615 -487 188 -79 -580 -867 -733 -678 -308 -995 -337 -823 -935 -973 69 82 960 -929 419 -641 822 -289 416 -527 301 944 19 174 698 238 831 -821 355 -496 225 547 -162 381 453 -190 -831 -561 -44 473 -885 -168 66
-422 -188 -486 -488 -956 866 422 -675 -281 61 -718 -861 -78 -54 382 -409 197 685 358 -269 477 157 488 -625 -621 631 951 -310
308 743 496 769 -96 609 -511 215 861 975 935 -859 -413 -551 -481 254 152 -798 770 699 79 -709 -883 -207 -890 -946 -382 -593 92 -150 938 729 -911 300 -661 322 460 -304 387 231 -106 57 -560 -804 -642 -900 -226 -538 100 -96 -999 -810 145 -536 913 -432 120 -215 -553 -848 515 -155 -898 829 -222 474 -895 129 -476 -918 45 -80
-363 -452 -746 187 -991 191 824 -899 137 -732 -809 -660 -346 -693 322 638 400 834 305 -766 999 -607 -51 167 497 -525 -453 112 -176 213 940 -255 -488 136 685 -66 -475 917 246 681 -602 379 -183 810 962 -717 -867 -422 -202 -11 -436 -223 -710 -780 -789 -323 31 481 -501
-589 670 646 248 3 -512 -132 923 -900 907 907 660 196 179 -255 -45 181 -507 734 -530 517 196 606 636 -568 27 -107 -494 -772 723 390 -164 -191 773 690 188 -538 -227 -963 644 452 855 -669 362 -460 -977 -872 -336 496 -3 -937 285 -994
980 701 469 488 -506 -376 761 918 -86 261 -868 -693 -141 -996 873 394 160 -919 -450 900 375 -567 -214 -901 -241 -236 133 289 64 -441 460 135 -230 27 499 -827 241 867 -449 989 -17 -98 849 -931 685 -424 795 4 548 787 553 382 751 -329 118 -742 -940 -505 810 748 -563 339 15 -531 -199 30 175 959
-791 43 -354 644 -218 -881 -727 16 -513 -906 444 787 566 -826 22 54 -155 367 -796 -647 -284 857 -420 702 97 342 17 896 149 -515 571 -735 -144 135 654 -500 206 -180 574 -32 131 520 236 624 411 490 270 841 -244 -453 782 -918 -791 588 641 -941 413 -869 865 308 51 -939 -610 -428 706 392 18 133 257
949 109 -689 604 310 144 725 -798 -247 768 558 -315 681 759 -223 -223 -845 843 -7 -989 -852 53 611 264 -974 397 -656 -928 -754 479 -760 -612 -574 825 348
-723 314 -191 -729 -778 293 -28 326 -267 -497 -590 -302 -624 -513 556 -313 677 467 -919 -868 -571 499 -681 240 252 500 179 -640 -421 680 -952 342 811 380 -182 -268 512 -28 -236 469 934 970 -572 -698 649 438 -337 1 196 -273 -39 614 21 340 688 431 32 -881 -16 343 431 465 -615 -299 -990 -486 136 185
388 -730 -10 -851 675 -896 471 307 -671 -118 -614 918 -425 106 -777 903 459 8 -425 -804 543 -506 392 154 -56 -192 -713 561 -501 24 -402 -215 -904 -545 -109 598 871 -173 36 -841 399 -955 -812 -489 603 -825 -928 -600 628 -786 -11 -583 -571 548 -481 -267 228
-535 115 -470 283 -379 -729 -783 716 -480 -731 853 337 114 74 -114 -831 482 271 531 977 -271 -657 -740 502 585 -541 390 923 478 806 721 844 633 778 774 759
-169 820 643 -463 -315 -58 -357 -538 220 -192 742 320 -248 887 787 -472 841 183 115 626 10 786 850 -417 777 599
-732 9 129 -493 -573 -55 -412 656 769 500 -643 938 -203 680 -453 -652 104 -250 850 53 -56 -157 519 -291 80 -713 -610 565 -624 934 890 -896 722 225 -521 -335 -686 259 625 828 632 312 -888 -772 761 976 -519 690 -895 -622 288 -324 -654 -650 667 -772 -806 848 252 867 307 53 -618 -816 217 -286 247 -85 196
-234 660 598 730 -689 705 -203 494 -574 290 -933 922 -218 -763 -953 688 -571 -803 515 456 299 971 745 -627 -291 -854 -6 517 -31 -930 -982 978 226 706 855 -630 -895 884 -547 513 -190 545 458 -801 112 -204 -961 -929 -440 834 893 -920 947 773 -882 85 -909
-956 599 499 418 711 -39 77 -629 -862 687 624 -90 330 -22 -17 977 241 -67 852 240 349 -229 475 148 679 16 -61 425 787 300 -929 -49 -470 -961 775 561
686 29 -97 -99 -731 -994 -560 160 961 364 -155 -549 -76 -632 495 -458 209 137 23 629 472 823 585 -889 -882 836 186 942 669 -108 626 -129 926 63 -80 275 282 -621 -489 -578 231 -861 191 491 100 -383 951 279 -62 89 141 -603 -600 588 -321 -812 346 890 -918 949 553 -132 -842 -598 491 648 319 74 -104 -904 410 88 799
229 43 -398 590 180 413 148 -79 914 -333 -838 653 -323 310 -643 182 453 619 345 -284 -716 94 253 313 -35 328 -466 619 -838 182 777 -148 88 566 -227 -690 -24 235 -296 704 -764 229 -611 55 887 -846 762 -800 105 -54 -259 873 -907 952 -58 -624 583 458 910 -84 -271 -252 -461 531 -879
305 -741 405 -70 962 -910 -165 140 250 -537 222 531 -798 5 547 791 -233 249 31 494 701 781 79 -731 -764 741 76 928 -921 446 729 -806 -127 -727 -533 86 -707 2 355 795 180 908 -346 875 123 777 -618 -815 -114 779 2 294 73 -871 -404 418 701 769 -871 -500 277 183 -265 920 -213 923 544 173 258
890 745 -742 -256 205 -826 153 -427 443 913 402 124 -331 -484 129 -554 907 -412 621 885 67 -76 -92 62 -3 407 -384 912 373 212 -477 816 978 998 -688 -183 -573 -253 822 -1000 -510 -504 269
643 -586 704 -945 -772 324 -497 369 -830 336 903 465 -212 -751 823 -739 -426 899 691 -193 -222 -244 -101 962 -148 -952 -17 467 -101 686 -753 -355 363 -725 424 -690 -760 740 -526 -109 691 623 -179 -6 594 -863 534 -568 -616 577 -12 921 884 42 766 134 -534 -216 -641 642 -860 735 -583 405 -558 742
-124 331 -497 -508 -518 -172 86 -792 960 -786 663 -322 -470 373 421 784 -737 725 42 -651 37 795 636 995 -373 999 176 549 985 -497 -496 556 -252 -776 61 -624 -941 -6 -350 -981 315 -975 193 292 696 676 -219 -804
-583 839 634 -572 758 -165 -673 -624 -513 285 -275 524 -604 553 239 216 609 563 259 60 137 -928 -466 -236 674 -341 -641 274 -993 305 -779 -780 464 124 29 727 -309 -741 766 -43 362 352 -822 -19 -831 600 577 -447 24 -268
591 -737 106 -367 -41 -576 427 -393 -633 104 2 -471 489 695 561 -199 419 -481 808 347 -235 983 388 -8 341 426 -172 -613 918 -920 -907 198 697 -118 4 403 -131 -284 -103 -518 -62 -37 512 -209 49 -171 -694 757 -476 364 626 291 202
-190 -815 -840 955 822 -240 828 152 71 808 904 -228 256 872 -83 -176 991 -27 495 476 -223 824 892 733 373 560 -791 -210 -274 -111 -420 -188 469 336 53 98 597 743 221 -764 -329 113 -579
-627 624 889 -510 280 -569 466 -234 -278 77 56 818 46 768 10 -759 793 -107 687 -353 -142 929 598 -695 906 46 726 218 391 902 -8
970 -685 -53 663 126 -630 944 -775 -488 -458 626 5 -93 -704 -33 159 701 -849 -697 -844 392 -773 -799 167 -254 -202 941 -838 600 422 -81 -428 330 -870 -986 -336 927 462 -716 -9 -404 -15 -578 471 -926 -222 773 370 -558 9 -559 -407 -962 133 -748 -875 490 218 260 423 -189 -133 -157 576 -31 569 291 47 670 792 21 -714 -157 422 370
-439 767 268 -385 798 -299 -635 -804 857 66 -716 550 -658 518 -359 -524 -993 -319 261 602 -974 781 -945 -166 -951 -320 557
-325 -56 135 -144 716 479 -887 906 599 468 561 -342 -298 -777 -626 893 267 318 -609 330 -640 948 -307 -964 602 -914 559 -690 20 492 328 -890 -213 -185 703 798 -383 397 711 -546 -354 -691 412 -440 355 567 -745 868 -199 -71 -22
429 596 332 225 -965 167 600 700 -776 552 275 938 80 -161 -413 936 -808 -802 -798 -335 -881 -240 -671 -54 -741 -888 685 713 988 239 276 -350 -594 365 215 -315 639 980 838 618 834 992 -563 574 -152 981 -51 89 -397 22 153 -255 38 94 -707 -537 -190 625 -228 -614
-86 -366 862 300 -410 185 -536 -770 720 258 353 -845 -234 308 338 -497 385 319 474 -891 -538 695 -2 243 -937 308 481 425 928 81 689 738 -405 -266 -342 -784 -431 69 57 -73 -101 150 -520 -519 -360 -988 -351 -709 -845 -701 141 739 385 39 590 85 773 -681 852 -618 -862 -117 -839 -937 -472
-581 218 818 -506 901 -245 -462 769 557 191 770 -228 -79 929 988 531 170 209 -258 338 -607 -201 435 736 -881 307 -111 -895 636 229 -505 -637 170 -538 194 -858 383 989
-172 426 -475 893 596 782 -867 450 -773 -394 -675 720 -435 137 286 -43 364 256 215 -237 -207 -607 275 383 675 -703 1 378 152 -82 -940 732 -683 -70 -23 -272 -887 338 -921 527 -642 -284 -210 249 167 942 -910 54 194 -445 -425 -761 -413 420 759 80 -630 465 975 316 -595 -359 335 -574 -366 669 -523 730
683 35 189 426 778 -142 721 757 -393 -646 -675 -334 198 541 -875 -766 -236 637 -496 -785 863 -888 -721 -531 194 423 615 -626 626 -309
-732 145 537 67 207 -487 -935 -271 407 -256 -220 735 -21 -651 -388 -266 -138 111 -632 85 -481 -558 -718 -486 478 600 181 127 -449 -755 116 -442 55 623 961 -145 886 -156 29 698 175 252 423 201
-612 -613 548 341 -119 301 10 479 -313 682 978 -189 -147 -743 -54 -249 276 -637 -13 388 -239 -919 -881 -791 865 -315 5 -40 -618 -176 -299 -661 -447 -979 780 -120 234 872 -356 -928 -344 206 434 -806 -482 793
432 -691 577 127 749 280 576 -99 496 564 980 657 105 -282 -377 881 113 108 117 243 -974 -853 706 593 -970 418 -378 -512 -783 175 521 -905
672 -86 236 -117 352 -198 -719 -773 675 -963 690 344 806 -873 -102 -896 -224 571 -155 -698 70 -531 -782 330 -47 7 -900 -801 520 -151 132 386 678 671 -27 -839 -777 -423 -519 826 643 372 761 72 84 -590 386 -877 799 -116 232 869 100 868 919 -631 -806 -812 837 -580 -785 8 -602
219 7 -861 468 679 559 -374 -591 -465 393 613 807 -523 -661 107 -1 -138 -645 -262 937 821 -17 -897 135 -117 847 -939 -230 786 980 -162 -191 564 -295 -496 -321 -169 -781 -250 -987 9 835 -84 424 -920 126 167 657 -836 758 485 -465 553 9 978 -494 18 -554 -95 -942 973 612 -774 -581 812 -186 -282 126 -334 66
-200 -585 -682 733 765 290 -250 -342 -270 -733 230 623 -514 365 881 -163 -801 938 664 -273 -969 354 -714 -591 -91 -635 663 181 -808 645 18 -350 -501 541 132 -180 893 -802 -827 -114 -489 -120 575 -97 -741 21 -769 -886 74 104 -64 -864 -472 151 587 -598 763 -793 485 -414 -189 -890 695 460 975 -793
-123 177 -393 -617 46 606 251 107 -961 244 515 5 -387 623 -383 3 767 262 -976 -357 -422 93 -731 67 -262 498 -91 -489 762 -587 412 -763 -523 790 361 -430 -974 -393 -205 874 -487 -886 -487 -134 -994 -818 -657 498 436 758 402 -128 -763 -67 -335 653 -465
-33 -125 565 -827 514 -623 -2 -565 -447 375 290 981 -801 472 127 -168 415 80 514 -398 -90 712 726 138 -818 626 733 613 32 -348 -148 -312 140 -935 -546 -944 953 -665 915 472 697 -372 -568 -824 824 984 -137 225 1 88 -470 -773 676 449 -508 468 440 -181
-246 -652 -532 -982 17 307 -725 -221 -137 -579 27 769 602 -660 61 618 753 -401 -449 -148 301 871 -400 945 489 115 280 87 -777 336 45 220 530 -226 892 -951 -982 617 285 294 -460 95 -946 867 -742 -156 842 540 640 -528 -689 38 -616 284 -538
925 -426 -368 645 -409 907 -963 -93 -814 -78 -785 -833 -348 462 929 -743 300 -888 455 -492 27 -969 773 -538 -670 691 -636 -759 -575 -659 -675 -784 897 961 889 738 -228 357 -627 -463 985 -530 -712 -224 -396 658 161 -783 -294 -94 -858 -182 334 -130 -481 520 485 296 -994 106 -503 474 42 -459 -27 733 -181 321 -547 -471 -618 -816 -240
-917 -219 941 -592 886 122 -186 631 808 935 371 478 177 -497 417 -458 -366 -658 367 747 -342 515 703 566 -139 984 -43 16
-14 997 -444 -391 117 -902 -737 152 431 919 764 -673 373 -927 -705 -177 48 607 -946 305 11 32 254 468 898 -140 -95 272 -990 -56 -683 -967 906 -924 765 -778 -723 -999 976 -585 551 -852 -233 -727 532 681 733 -389 85 782 -959 -611 -858 63 908 -485 -223 799 834 99
-330 -432 -235 511 -553 339 -474 -22 -544 921 -352 -682 851 441 -531 -218 630 -864 -8 -741 -949 949 944 321 -964 943 -207 -114 722 531 721 -284 -149 -813 383 -946 695 445 -609 -908 492 822 -628 562 -178 -81 621 -427 -947 -238 -496 -84