-66 -246 770 537 -864 -255 486 -289 -30 -577 -587 -569 -7 -28 125 460 911 N/A 767 N/A 791 406 N/A 197 -7 N/A 853 N/A 913 N/A -557 N/A 607 363 N/A -344 N/A -700 267 N/A -651 181 773 959 309 N/A -267 261 N/A -963 728 332 N/A 492 -707 315 N/A -280 232 N/A 826 705 471
-81 11 728 N/A -8 N/A -760 N/A -664 593 N/A -153 -487 -138 N/A -185 -148 N/A -566 690 -841 967 473 -632 531 36 -702 196 N/A 728 127 -29 -712 N/A 232 N/A 347 N/A 567 N/A 950 120 N/A -628 -61 193 -603 -916 953 -468
627 -240 860 -412 53 89 N/A -990 677 176 -803 27 N/A 438 N/A -395 865 -608 346 705 N/A -67 -514 -71 887 N/A 826 N/A 278 N/A 677 -399 N/A 644 -800 -805 952 N/A 409 477 -785 484 240 N/A -609 690 N/A 193 N/A 528
-648 106 N/A 272 N/A -518 -498 189 -877 -798 876 -548 -260 43 973 -617 289 N/A 383 N/A -404 149 -529 -435 -843 N/A 319 89 558 178 N/A 699 -689 -557 N/A 702 653 -938 N/A -36 56 551 22 N/A -348 N/A -741 963 N/A 506 N/A -497 N/A 805 -7
-109 952 444 N/A 985 N/A 497 198 -503 998 N/A -489 252 628 -395 -381 582 N/A -55 395 N/A 515 -230 N/A -825 N/A -713 -269 -171
-295 N/A -377 N/A 148 -354 N/A 226 N/A -480 N/A 128 859 672 -251 N/A -115 -500 -369 878 564 -493 -606 663 466 -838 674 N/A -795 629 313 441 N/A 822 303 -201 N/A -939 882
765 -792 -926 N/A -610 -430 -349 -577 -693 -848 N/A 180 N/A -376 -565 -701 47 322 60 -548 854 -95 -490 127 N/A -314 N/A 342 N/A -897 20 N/A 994 -779 449 N/A 440 86 N/A 238 N/A -787 N/A -143 211 -850 -822 900 -350 798 N/A 14 N/A -725 -485 N/A -865 -384
168 -872 N/A -61 327 881 N/A -196 N/A -455 32 N/A -877 N/A 697 677 -621 -406 932 704 698 -803 354 N/A -636 N/A -383 829 N/A -219 -17 N/A 868 572 209 943 -414 N/A 93 -126 N/A 661 717 651 N/A 298 -150 535 -230 784 N/A 767 927 -704 N/A -438 260 -492
51 680 N/A 66 166 -479 N/A -959 825 592 -957 N/A 48 -870 667 N/A 405 917 N/A -606 N/A -812 -792 N/A 629 N/A 957 -76 N/A 698 -563 757 N/A -455 -823 917 N/A 383 907 988 -275 -265 N/A -842 345 N/A 270 -157 -893 N/A -432 -456 -683 -65 336 661 N/A -693 -681 N/A -486 -6 -753 -395 N/A -526 -494 N/A 614 -230 730 599 153 392
-337 N/A -487 N/A -490 -991 648 862 69 764 N/A 923 781 N/A 342 277 -288 -570 N/A 861 -329 -868 -407 N/A -139 -504 N/A 264 718
409 613 N/A 110 358 705 N/A -359 N/A 504 609 N/A -558 -178 N/A 126 988 710 -461 N/A -28 N/A -465 -349 990 N/A 891 N/A -317 N/A 413 N/A 913 352 N/A 137 N/A -334 -210 -552 438 -585 60 714 N/A -508 10 826 -796 -78 168 964 114 326 -175 -805 N/A -544 N/A -294 -404 N/A -65 -84 643 -728 -41 130 802
-317 N/A 536 -189 N/A -400 984 131 N/A -481 388 N/A 341 N/A -424 333 N/A 696 -846 -419 -515 837 N/A 851 -340 -276 563 -555
936 -975 648 115 895 -485 414 -400 N/A 780 N/A -26 -285 N/A -6 823 283 -954 -131 320 -812 N/A 84 909 939 N/A 116 119 N/A 514 N/A -434 N/A 263 759 N/A 759 -613
-284 N/A -10 N/A 107 815 44 -964 N/A 749 706 N/A 189 -763 N/A -564 -799 144 -711 N/A 251 -712 114 -680 -467 997 -194 47 -653 N/A -113 -941 -884 N/A -111
700 -655 N/A 860 N/A 663 955 N/A 649 -681 N/A -88 N/A 896 239 -964 -332 919 -748 N/A -414 N/A -449 -743 N/A -331 578 N/A 401 -379 -696 N/A 590 -409 -589 33 286 N/A -79 -809 369 N/A 975 -176 96 -855 N/A -216 686 -747 814 -177 -939 316 590 865 652 N/A -148 367 -768 N/A -407
152 417 926 904 974 785 393 N/A 92 432 -537 -365 N/A -359 N/A -443 -61 574 -643 N/A -298 455 802 336 -439 -941 N/A 387 479 982 -430 N/A -647 -179 N/A -828 -467 -720 N/A -499 N/A -956 -45 N/A 170 896 -257 N/A 639 -604 -62 N/A 302 N/A 943 791 489 N/A -49
-553 592 N/A 413 -949 -577 -232 -117 462 196 -808 -883 380 -424 306 -231 -557 N/A 347 N/A 309 N/A 737 N/A -665 N/A 504 -222 853 -852 -431 N/A 814 -327 957 -755 -645 N/A 796 425 -634 -513 -787 N/A -454 -499 N/A -666 N/A -616 -675 -625 67 679 -538 -174 N/A -776 N/A 517 672 383 N/A 328 N/A 768 -505 N/A -73 N/A 44 151 N/A 137
46 800 N/A 360 -541 N/A 649 265 478 -254 N/A -741 135 -707 -700 400 N/A -184 968 N/A 531 N/A 366 511 95 -81 -196
937 -683 -391 32 N/A 347 -31 N/A -314 N/A 233 -10 716 -991 150 299 -55 33 N/A -416 -467 N/A 14 N/A 278 -941 857 -876 -677 N/A -869 N/A -656 -820 270 814 N/A -494 -206
-472 411 -698 659 841 N/A -604 N/A -188 -312 N/A -109 485 446 283 N/A 290 -122 331 N/A -443 906 185 N/A 879 N/A -870 N/A 983 388 540 -94 575 -816 N/A 494 N/A -79 -256 105 491 N/A -850 926 N/A 487 524 670 -751 -688 20 421 -475 268 N/A -949 N/A -621 699 -569 N/A 202 N/A 441 528 -273
-493 600 N/A 350 -868 500 N/A 43 -545 190 70 N/A 982 615 755 -573 -167 -701 N/A 392 N/A 829 712 N/A -188 -491 -764 -43 -101 513 N/A 356 274 N/A -169 -102 -967 -849 N/A -246 -711 N/A 26 -676 N/A -628 N/A 657 453 N/A -435 -798 N/A 2 271 312 -598 456
996 -696 -703 785 N/A 167 56 -118 N/A 542 N/A 753 N/A -265 -531 N/A 619 -331 417 -391 206 -405 523 N/A -283 -394 N/A 964 530 -695 367 9 N/A 330 679 N/A -944
358 -583 N/A -553 N/A -304 -185 468 135 N/A -472 247 N/A 676 646 N/A -883 111 541 -833 840 N/A 611 N/A 47 -436 -72 -993 204 -843 -435 -530 N/A -930 176 N/A -58 -327
-591 -969 -470 N/A -920 -986 -44 290 505 535 N/A 806 -7 167 N/A 773 N/A -554 -304 -941 334 502 638 -852 656 -128 659 N/A 363 239 N/A -328 N/A 626 -458 N/A 421 108 N/A -148 230 -717 N/A 755 -274 N/A -295 N/A 560 643 425 -820 -758 711 N/A 385 784 N/A -504 -926 -359 692 N/A -540 N/A -27 -999
-761 N/A 753 212 N/A 913 -182 -623 -578 N/A -256 623 -709 N/A 376 N/A -479 N/A 146 -599 -390 -186 -698 562 N/A 686 -937 193 -843 -821 163 880 N/A 455 9 N/A -91
-204 192 220 N/A 770 -577 N/A -604 -64 N/A 263 -637 -755 969 N/A 826 N/A 641 N/A -153 N/A 338 512 N/A 831 189 481 797 -662 803 N/A 665 -149 712 -794 N/A -8 N/A 433 -20 N/A 699 395 N/A 187 -872 877 776 -383 -889 -893 N/A 552 594 -781 487 219 N/A -690 320 N/A -860 704 321
-324 -819 -109 N/A -573 -935 N/A 68 -574 420 -988 -756 N/A -270 526 -731 -342 758 -123 512 915 N/A -161 N/A -951 455 -592 -621 N/A 560 N/A -981 456 302 N/A 215 -251 -543 499 -552 499 581 325 251 -797 365 N/A -587 N/A 82 N/A 335 149 N/A 441 N/A 766 N/A 256 232 -967 N/A -216 N/A -912
-639 303 -293 -591 -986 766 996 381 N/A 245 -365 N/A 451 -757 N/A 116 -654 N/A 555 -347 -307 757 -807 799 N/A 949 257 -993 N/A -769 -196 579 N/A -69 N/A 828 N/A 382 -954
-325 N/A 60 968 124 N/A -206 N/A -19 274 -868 N/A 402 -591 32 414 -886 113 -948 N/A 166 -628 N/A -928 951 -371 N/A 948 N/A -148 314 10 823 384 N/A 874 -189 -408 N/A 920 N/A 861 962 N/A 154 745 892 926 -808 N/A -904 -5
316 846 N/A -585 -373 N/A -767 658 349 N/A -263 N/A -160 -218 163 N/A -902 470 -561 N/A 139 N/A 290 -873 312 773 787 N/A 254 N/A -336 632 -803 -469 -732 N/A -89 N/A 696 N/A 394 13 N/A 70 -560 265 289 -701 981 404 -164 N/A -44 -336 775 622 N/A -535 226 592 851 973 449
-39 N/A -819 428 N/A 351 793 -893 N/A -595 -532 N/A -782 6 N/A 362 -797 -239 613 -26 N/A 367 -500 -61 24 -326 -699
-886 -196 N/A 906 -72 -518 833 408 -305 N/A -531 660 N/A -114 4 -601 -927 -864 N/A 25 N/A 446 913 N/A 255 N/A 520 511 430 N/A 782 -961 -67 335 251 N/A 12 799 -261 N/A 204 463
304 N/A 330 -202 35 684 -462 406 N/A 324 -581 -51 N/A 940 497 545 976 526 152 N/A 733 312 -2 N/A 448 -418 N/A 281 -333 569 N/A -748 979 N/A 937 -65 -322 -729 -100 N/A -236 N/A 57
255 824 911 -546 N/A 255 -884 N/A -749 -944 N/A -454 N/A 611 471 N/A -533 348 N/A 499 -859 562 12 493 812 -408 N/A 716 273 -795 N/A -7 412 643 671 N/A 808 N/A -321 -832 503 -656 N/A 506 170 N/A -816 N/A -176 -575 -211 343 -379 -297 869 N/A 214 727
-902 -761 N/A 471 N/A -699 -556 645 N/A -853 -902 N/A 197 -1 N/A -63 -214 -254 N/A 984 -876 N/A 986 -918 653 207 N/A -774 N/A -512 686 -631 979 -733 -614 N/A 486 N/A -252 69 N/A -496 -944 -690 -335 705 N/A 212 601 31 726 N/A -584 240 263 N/A -849 117 -487 810
-15 -822 N/A -640 N/A 651 624 381 N/A -655 -301 756 474 435 N/A -602 -509 N/A 273 -291 341 -750 367 N/A -647 -386 -599 881 -882 N/A 219 N/A -123 -763 151
-720 825 N/A 270 382 817 750 285 N/A -88 425 N/A 612 -316 297 N/A -615 N/A -153 -999 N/A 879 N/A 473 48 -685 75 -716 N/A 938 209 -989 -235 N/A 753 352 -577 480 N/A 807 N/A -437 N/A 952 -112 N/A 39 N/A 684 -552 -457 -591 979 843 N/A -58 -642 -646 230 252 N/A 828 134 N/A 895 -710 445 322 227 -985
-490 846 N/A -84 -293 N/A -708 N/A 176 -638 -809 N/A 969 922 -545 N/A -30 -522 428 499 N/A 594 858 710 N/A 160 -155 -18 N/A -521 -849 193 N/A 49 269 -205
301 N/A -479 -824 N/A -776 79 -498 N/A -47 112 N/A -129 -712 N/A -144 N/A 435 857 -712 527 626 315 -708 618 -450
55 -291 N/A 755 N/A 707 993 -742 709 -847 N/A 546 -923 -789 N/A 507 -783 N/A -521 -361 -367 N/A -283 N/A 943 -116 -919 400 -617 -29 N/A 773 606 291 112 N/A 122 N/A 615 -576
771 686 -815 -821 924 -289 -397 244 383 -933 117 N/A -390 N/A -700 N/A 970 N/A -246 -96 -499 N/A 426 -391 105 N/A 549 N/A -173 940 969 N/A -352 -412 -444 813 -767 N/A -672 -105 -973 N/A -318 -958 N/A 807 N/A -489 313 -929 -679
322 N/A -99 N/A -769 -358 996 N/A -736 970 -538 N/A 184 396 -644 -952 -363 -3 N/A -595 512 N/A 334 -503 669 238 958 N/A 727 -631 N/A 966 242 920 -270
-535 -293 -304 158 945 -502 366 846 N/A 663 N/A 512 890 394 946 -738 N/A 548 18 -801 -832 301 281 N/A -828 560 -9 N/A 958 -278 N/A -575 -662 -338 N/A -321 N/A 816 -588 N/A -903 -682 -17 -459 N/A 603 547 708 619 N/A -199 N/A 190 N/A -83 N/A -685 N/A -753 12 -260 -888 N/A -42 -17
-934 -625 -172 N/A 932 408 -216 N/A -241 693 N/A -298 866 N/A -330 N/A -791 -977 N/A -649 948 -705 316 -818 -478 N/A 435 -779 120 -299 N/A -267 -460 716 -489 -47 -479 N/A -167 N/A -131 N/A -677 -958 573 76 N/A -601 -343 590 682 -651 N/A -327
-289 -73 -613 173 -920 -740 198 779 -146 110 N/A 751 N/A -306 -446 335 856 -71 N/A -570 N/A -90 -140 N/A 910 N/A -10 N/A -442 N/A 583 N/A -576 -398 N/A -179 N/A -446 -255 -672 N/A -65 159 -599 -815 -765 -111 917 N/A 341 663 N/A -891 -475 -650 N/A 123 -9 113 N/A 553 -623 563 264 -372 N/A 152 761 -806
80 -700 590 300 303 N/A -748 N/A -867 N/A -892 -717 770 984 -736 941 -666 952 266 337 N/A -202 -820 N/A 153 N/A -673 -262 N/A 642 240 N/A -72 589 301
-245 -933 901 90 N/A -267 -88 N/A -713 -485 258 N/A -373 504 -428 718 248 N/A 398 -951 N/A -736 N/A -362 -695 -395 N/A 268 N/A -162 N/A 483 426 -392 638 -235
-738 -851 -902 N/A -745 258 -308 -585 -828 199 588 N/A -421 N/A -933 N/A -445 -630 108 -773 352 N/A 296 N/A 811 N/A 74 -942 N/A 308 -224 -211 692 -736
883 -138 N/A -100 -578 N/A 199 N/A 737 N/A 844 618 150 N/A 669 47 -658 N/A -745 898 N/A 383 -623 875 907 -169 N/A -154 -218 N/A 982 -953 215 514 -55 N/A -769 759 N/A -971 -297 243 528 149 369 N/A -73 -441 606 -421 N/A -449 -206
850 N/A -721 594 547 N/A -250 N/A 246 -668 396 -353 -910 825 84 -113 N/A 493 -112 N/A -751 720 N/A -168 -280 141 -564 -83 N/A -600 647
74 -402 -317 -991 93 N/A 549 N/A 670 -190 497 772 N/A -732 724 N/A 516 277 N/A -308 -776 N/A 887 -776 -990 295 N/A 252
567 -996 847 72 N/A 654 466 N/A 679 -201 595 305 N/A -25 N/A 781 751 -435 466 -165 N/A -804 454 95 -725 404 N/A 91 -752 N/A 178 N/A -705 304 -150 696 939 N/A 227 -787 N/A 390 N/A -136 -100 N/A -34 N/A -91 471 278 824 N/A -248 -27 -291 -556 -975 -971 258 -702 N/A -271 N/A -741 -349 -476 N/A 177 8 -853 N/A -562 -892 -107
62 346 578 N/A 156 227 2 N/A 267 317 217 807 -700 781 N/A 191 -958 924 616 -935 N/A -950 N/A -757 -576 N/A -978 -869 -300 N/A -547 330 -124 N/A -617 116 N/A -875 -940 -91 N/A 725 N/A -286 9 -145 N/A -208 -928
-298 N/A 868 N/A -872 8 438 N/A 550 -394 -760 -957 891 36 231 N/A 287 N/A 502 -352 -730 -799 984 -935 -720 N/A 410
401 N/A 815 N/A -523 -615 299 722 -986 N/A -925 -838 -199 -754 447 N/A 861 260 893 -900 N/A 137 -861 -563 N/A -404 -351 N/A 381 -39 861 N/A 212 -702 -188 -328 492 N/A 294
399 702 N/A 752 -484 -302 N/A 740 -769 692 -723 -175 -493 -16 272 668 -291 N/A -506 -30 784 N/A -373 -344 -586 -228 N/A 35 N/A 994 736 -122 -531 -604 -766 N/A 990 -708 N/A 30 N/A -939 N/A -164 642 -499 N/A 380 -723 -11 338 N/A 73 N/A -261 -48 N/A -635 N/A 109 N/A -487 -393 623 413 747
983 865 221 663 -628 -712 N/A -492 264 243 260 -756 964 310 N/A -116 N/A 750 456 312 N/A 671 N/A -659 N/A -465 114
-219 N/A 318 -251 -287 902 N/A 816 -158 525 251 N/A -632 N/A -915 N/A 96 N/A -459 137 437 -540 360 -281 143 522 -322
-764 838 N/A -490 N/A 998 N/A -980 -617 N/A 980 337 -61 348 N/A -91 79 -523 -146 N/A 52 -84 196 210 61 37 549
706 -403 448 2 -978 N/A 971 928 -3 118 943 N/A 231 -116 N/A -349 N/A 928 N/A -314 209 N/A 626 -388 -257 N/A -822 668 N/A -195 303 -368 N/A 121 -55 -314 -184 -998 N/A -945 -209
303 262 -899 N/A 35 N/A 867 49 N/A 39 300 N/A -852 -939 -98 -58 958 465 74 190 -671 261 N/A 293 652 N/A -806 460 249 N/A -505 496 214 -382 N/A -112 -614 N/A -942
403 -779 -781 437 -574 871 N/A 686 745 N/A 619 N/A -707 396 -258 -864 N/A 547 N/A 998 188 -325 841 N/A -795 N/A -721 -548 852 N/A 442 -751 357 -110 N/A -844 302 116 400 23 N/A 567 N/A 14 N/A 501 N/A 585 -525 637 592 -113 844 984 427 N/A 658 635 77 -819 N/A 485 147 -43 N/A -717 412 N/A -74
732 695 -131 N/A -602 -825 557 N/A 814 224 307 N/A -798 260 316 -479 N/A -329 -255 -726 N/A 217 N/A -359 449 N/A 461 -717 N/A -478 -654 709
-783 91 494 -916 403 -532 N/A -497 497 348 N/A -516 N/A 551 -266 -127 N/A -536 -211 649 203 -632 N/A -311 870 N/A 911 341 N/A -617 N/A -392 N/A 254 717 N/A -964 944 -52 N/A -96 N/A -159 892 417 430 -309 -226 57 60